1505088529 57
1505088658 3648141
1505089054 3648145
1505103960 3648327
1505105363 3648327
1506993169 3715432
1507006512 3716578
1507006987 3716577
1507063701 3716598
1508283487 3716605
1508377179 3716687
1510091290 3721195
1510800295 3722156
1510800554 3722142
1510874872 3721908
1511406512 3725571
1511407406 3725491
1512677176 3727816
1513723992 3817579
1513801137 3817575
1513807656 3817522
1515709476 3728205
1515725538 3727229
1516061330 3729116
1516063162 3728723
1516144923 3728953
1516161623 3727241
1516225409 3727722
1516243726 3897676
1516308458 3897756
1518556232 3897582
1518723680 3897648
1519010516 3901465
1519075518 3901475
1519096486 3901586
1519351120 3731870
1519613517 3733176
1519685812 3756432
1519772377 3803612
1519870464 3833634
1519874842 3836018
1519941618 3835980
1520284669 3836261
1520375934 3836363
1520452521 4205899
1520541808 3836402
1520550576 3836413
1520819092 3837123
1520899464 3837162
1520976001 3837168
1521082569 3837951
1521146147 3837806
1521149554 3837806
1521153683 3837827
1521499624 3837819
1521505407 3837838
1521750549 3837845
1522092424 3841108
1522102607 3841133
1522111096 3844453
1522120346 3845245
1522205696 3845745
1522206466 3845753
1522211106 3845740
1522265306 3845741
1522291802 3844949
1523305769 3844964
1523419682 4015090
1523491892 4016089
1523571938 4016105
1523575793 4016082
1523581406 4016083
1523852161 4019995
1523937805 4020026
1524005179 4020020
1524010784 4020020
1524018744 4020026
1524088600 4020036
